VAF,freq,cumfreq,invVAF,prediction,residuals
0.121,7,564,8.264462809917356,629.8114156195808,-65.81141561958077
0.122,6,557,8.19672131147541,619.3998754798438,-62.399875479843786
0.123,7,551,8.130081300813009,609.1576286757125,-58.157628675712544
0.124,11,544,8.064516129032258,599.08057940068,-55.080579400679994
0.125,8,533,8.0,589.1647629140481,-56.16476291404808
0.126,0,525,7.936507936507937,579.4063403399024,-54.406340339902385
0.127,9,525,7.874015748031496,569.8015937118062,-44.80159371180616
0.128,7,516,7.8125,560.346921249774,-44.34692124977403
0.129,7,509,7.751937984496124,551.0388328569205,-42.03883285692052
0.13,11,502,7.692307692307692,541.8739458239571,-39.873945823957115
0.131,5,491,7.633587786259541,532.8489807304284,-41.848980730428366
0.132,8,486,7.575757575757575,523.9607575322561,-37.96075753225614
0.133,4,478,7.518796992481203,515.2061918257857,-37.20619182578571
0.134,5,474,7.462686567164178,506.5822912791133,-32.58229127911329
0.135,6,469,7.4074074074074066,498.0861522220212,-29.086152222021212
0.136,5,463,7.352941176470588,489.714956386357,-26.714956386357017
0.137,7,458,7.2992700729927,481.46596778916955,-23.465967789169554
0.138,7,451,7.246376811594202,473.33652975136175,-22.336529751361752
0.139,5,444,7.194244604316546,465.3240620450332,-21.3240620450332
0.14,4,439,7.142857142857142,457.4260581630807,-18.42605816308071
0.141,2,435,7.092198581560284,449.6400827049859,-14.6400827049859
0.142,6,433,7.042253521126761,441.9637688730612,-8.963768873061213
0.143,6,427,6.993006993006993,434.3948160737509,-7.394816073750917
0.144,0,421,6.944444444444445,426.93098761887546,-5.930987618875463
0.145,3,421,6.8965517241379315,419.5701085219983,1.4298914780017071
0.146,11,418,6.849315068493151,412.3100633853524,5.689936614647593
0.147,4,407,6.802721088435375,405.1487943730145,1.851205626985518
0.148,4,403,6.756756756756757,398.0842992662487,4.915700733751294
0.149,7,399,6.7114093959731544,391.11462959715766,7.885370402842341
0.15,7,392,6.666666666666667,384.2378888569879,7.762111143012078
0.151,6,385,6.622516556291391,377.45223077562827,7.547769224371734
0.152,6,379,6.578947368421053,370.75585766902344,8.244142330976558
0.153,3,373,6.5359477124183005,364.1470188513937,8.852981148606318
0.154,6,370,6.4935064935064934,357.6240091093177,12.375990890682317
0.155,5,364,6.451612903225807,351.1851672348815,12.814832765118524
0.156,4,359,6.410256410256411,344.8288746152456,14.171125384754419
0.157,6,355,6.369426751592357,338.5535538761146,16.44644612388538
0.158,5,349,6.329113924050633,332.35766757671945,16.64233242328055
0.159,4,344,6.289308176100628,326.23971695404623,17.76028304595377
0.16,9,340,6.25,320.19824071415655,19.801759285843445
0.161,1,331,6.211180124223603,314.23181386855117,16.76818613144883
0.162,7,330,6.172839506172839,308.3390466136322,21.660953386367794
0.163,3,323,6.134969325153374,302.5185832514117,20.481416748588288
0.164,6,320,6.097560975609756,296.7691011497061,23.230898850293897
0.165,4,314,6.0606060606060606,291.0893097401423,22.910690259857688
0.166,3,310,6.024096385542168,285.47794955238044,24.522050447619563
0.167,7,307,5.988023952095808,279.93379128303496,27.066208716965036
0.168,0,300,5.952380952380952,274.45563489784837,25.54436510215163
0.169,9,300,5.9171597633136095,269.042308765741,30.957691234259016
0.17,0,291,5.88235294117647,263.69266882342293,27.307331176577065
0.171,2,291,5.847953216374268,258.4055977693192,32.59440223068083
0.172,3,289,5.813953488372094,253.18000428561223,35.81999571438777
0.173,3,286,5.780346820809249,248.0148222872658,37.98517771273421
0.174,4,283,5.74712643678161,242.9090101969464,40.09098980305359
0.175,4,279,5.714285714285714,237.861550244802,41.138449755197996
0.176,7,275,5.6818181818181825,232.87144779211394,42.12855220788606
0.177,4,268,5.649717514124294,227.93773067787419,40.062269322125815
0.178,3,264,5.617977528089888,223.05944858739,40.940551412610006
0.179,4,261,5.58659217877095,218.2356724420508,42.7643275579492
0.18,3,257,5.555555555555555,213.46549380943765,43.534506190562354
0.181,4,254,5.524861878453039,208.74802433298603,45.251975667013966
0.182,7,250,5.4945054945054945,204.0823951804514,45.917604819548586
0.183,1,243,5.46448087431694,199.46775651045814,43.532243489541855
0.184,4,242,5.434782608695652,194.9032769564431,47.09672304355689
0.185,2,238,5.405405405405405,190.3881431273363,47.61185687266371
0.186,4,236,5.376344086021505,185.9215591243489,50.0784408756511
0.187,4,232,5.347593582887701,181.5027460732652,50.4972539267348
0.188,1,228,5.319148936170213,177.13094167166102,50.86905832833898
0.189,4,227,5.291005291005291,172.80539975049717,54.19460024950283
0.19,5,223,5.2631578947368425,168.52538984955612,54.47461015044388
0.191,1,218,5.2356020942408374,164.2901968062164,53.709803193783614
0.192,7,217,5.208333333333333,160.0991203570782,56.90087964292181
0.193,3,210,5.181347150259067,155.95147475197257,54.04852524802743
0.194,8,207,5.154639175257731,151.84658837990918,55.15341162009082
0.195,6,199,5.128205128205128,147.7838034065337,51.21619659346629
0.196,3,193,5.1020408163265305,143.76247542268248,49.237524577317515
0.197,8,190,5.0761421319796955,139.78197310364195,50.218026896358055
0.198,4,182,5.05050505050505,135.841677878733,46.15832212126699
0.199,9,178,5.025125628140703,131.94098361085838,46.05901638914162
0.2,8,169,5.0,128.0792962856626,40.92070371433741
0.201,0,161,4.975124378109452,124.2560337099711,36.743966290028894
0.202,3,161,4.9504950495049505,120.47062521918758,40.52937478081242
0.203,4,158,4.926108374384236,116.72251139333773,41.277488606662274
0.204,3,154,4.901960784313726,113.01114378146704,40.98885621853296
0.205,5,151,4.878048780487805,109.33598463410219,41.66401536589781
0.206,2,146,4.8543689320388355,105.69650664350803,40.30349335649197
0.207,3,144,4.830917874396135,102.09219269147019,41.90780730852981
0.208,5,141,4.8076923076923075,98.5225356043558,42.477464395644205
0.209,2,136,4.784688995215311,94.98703791520431,41.01296208479569
0.21,4,134,4.761904761904762,91.48521163261611,42.514788367383886
0.211,3,130,4.739336492890995,88.01657801621363,41.98342198378637
0.212,5,127,4.716981132075472,84.58066735845645,42.41933264154355
0.213,7,122,4.694835680751174,81.17701877260308,40.82298122739692
0.214,4,115,4.672897196261682,77.80517998661746,37.19482001338254
0.215,5,111,4.651162790697675,74.46470714282711,36.53529285717289
0.216,3,106,4.62962962962963,71.15516460314588,34.84483539685412
0.217,3,103,4.6082949308755765,67.876124759683,35.123875240317005
0.218,8,100,4.587155963302752,64.62716785056368,35.37283214943632
0.219,2,92,4.566210045662101,61.40788178079714,30.59211821920286
0.22,5,90,4.545454545454546,58.217861948028485,31.782138051971515
0.221,2,85,4.524886877828054,55.05671107302234,29.943288926977658
0.222,5,83,4.504504504504505,51.924039034728075,31.075960965271925
0.223,4,78,4.484304932735426,48.81946270978162,29.180537290218382
0.224,4,74,4.464285714285714,45.74260581630806,28.257394183691943
0.225,6,70,4.444444444444445,42.69309876188753,27.306901238112467
0.226,2,64,4.424778761061947,39.67057849555914,24.32942150444086
0.227,2,62,4.405286343612334,36.67468836373589,25.32531163626411
0.228,2,60,4.385964912280701,33.70507796991109,26.294922030088912
0.229,7,58,4.366812227074235,30.761403038041127,27.238596961958873
0.23,3,51,4.3478260869565215,27.843325279491797,23.156674720508203
0.231,5,48,4.329004329004329,24.95051226344072,23.04948773655928
0.232,5,43,4.310344827586206,22.082637290631368,20.917362709368632
0.233,2,38,4.291845493562231,19.239379270378414,18.760620729621586
0.234,5,36,4.273504273504273,16.42042260072592,19.57957739927408
0.235,12,31,4.25531914893617,13.625457051666181,17.37454294833382
0.236,4,19,4.237288135593221,10.854177651327335,8.145822348672665
0.237,4,15,4.219409282700422,8.106284575041892,6.893715424958108
0.238,3,11,4.201680672268908,5.381483037212696,5.618516962787304
0.239,5,8,4.184100418410042,2.6794831858924497,5.320516814107551
0.24,3,3,4.166666666666667,0.0,3.0
