VAF,freq,cumfreq,invVAF,prediction,residuals
0.121,4,429,8.264462809917356,427.169124873173,1.8308751268269816
0.122,6,425,8.19672131147541,420.1075055062104,4.892494493789627
0.123,4,419,8.130081300813009,413.1607092183856,5.839290781614409
0.124,9,415,8.064516129032258,406.32595803197717,8.674041968022834
0.125,11,406,8.0,399.6005628645513,6.399437135448693
0.126,0,395,7.936507936507937,392.9819200013704,2.0180799986296165
0.127,5,395,7.874015748031496,386.46750773445996,8.532492265540043
0.128,12,390,7.8125,380.05488315922,9.945116840779974
0.129,3,378,7.751937984496124,373.74167912003026,4.2583208799697445
0.13,12,375,7.692307692307692,367.5256012968281,7.474398703171914
0.131,3,363,7.633587786259541,361.40442542512517,1.5955745748748313
0.132,5,360,7.575757575757575,355.37599464238747,4.624005357612532
0.133,7,355,7.518796992481203,349.4382169541271,5.5617830458729145
0.134,8,348,7.462686567164178,343.5890628134526,4.4109371865474145
0.135,5,340,7.4074074074074066,337.8265628081955,2.17343719180451
0.136,5,335,7.352941176470588,332.1488054500746,2.851194549925424
0.137,1,330,7.2992700729927,326.5539350606853,3.446064939314681
0.138,4,329,7.246376811594202,321.04014974940316,7.959850250596844
0.139,6,325,7.194244604316546,315.6056994785712,9.394300521428818
0.14,4,319,7.142857142857142,310.24888421160813,8.751115788391871
0.141,3,315,7.092198581560284,304.96805213992127,10.03194786007873
0.142,7,312,7.042253521126761,299.76159798473697,12.238402015263034
0.143,12,305,6.993006993006993,294.62796137018455,10.37203862981545
0.144,0,293,6.944444444444445,289.56562526416764,3.434374735832364
0.145,7,293,6.8965517241379315,284.573114483751,8.426885516249001
0.146,5,286,6.849315068493151,279.6489942619702,6.351005738029812
0.147,5,281,6.802721088435375,274.7918688731387,6.2081311268613035
0.148,7,276,6.756756756756757,270.00038031388607,5.999619686113931
0.149,7,269,6.7114093959731544,265.27320703730794,3.726792962692059
0.15,10,262,6.666666666666667,260.6090627377509,1.3909372622491105
0.151,5,252,6.622516556291391,256.0066951838833,-4.006695183883323
0.152,7,247,6.578947368421053,251.46488509782984,-4.464885097829836
0.153,6,240,6.5359477124183005,246.9824450782606,-6.982445078260611
0.154,11,234,6.4935064935064934,242.5582185654391,-8.558218565439091
0.155,4,223,6.451612903225807,238.19107884633146,-15.191078846331465
0.156,5,219,6.410256410256411,233.87992809798158,-14.879928097981576
0.157,6,214,6.369426751592357,229.62369646744506,-15.623696467445058
0.158,4,208,6.329113924050633,225.42134118666212,-17.42134118666212
0.159,3,204,6.289308176100628,221.2718457207318,-17.27184572073179
0.16,5,201,6.25,217.1742189481257,-16.174218948125713
0.161,3,196,6.211180124223603,213.12749437145257,-17.12749437145257
0.162,1,193,6.172839506172839,209.13072935745438,-16.130729357454385
0.163,3,192,6.134969325153374,205.18300440497768,-13.18300440497768
0.164,2,189,6.097560975609756,201.28342243972628,-12.28342243972628
0.165,2,187,6.0606060606060606,197.43110813465972,-10.431108134659723
0.166,1,185,6.024096385542168,193.6252072549554,-8.625207254955399
0.167,2,184,5.988023952095808,189.86488602650502,-5.864886026505019
0.168,1,182,5.952380952380952,186.1493305269648,-4.149330526964803
0.169,3,181,5.9171597633136095,182.47774609842514,-1.4777460984251434
0.17,6,178,5.88235294117647,178.84935678080936,-0.8493567808093587
0.171,5,172,5.847953216374268,175.263404765154,-3.2634047651540072
0.172,1,167,5.813953488372094,171.7191498659599,-4.719149865959906
0.173,6,166,5.780346820809249,168.21586901184304,-2.21586901184304
0.174,2,160,5.74712643678161,164.7528557537506,-4.752855753750595
0.175,2,158,5.714285714285714,161.32941979003624,-3.3294197900362406
0.176,3,156,5.6818181818181825,157.94488650772786,-1.9448865077278583
0.177,3,153,5.649717514124294,154.59859653934376,-1.5985965393437596
0.178,6,150,5.617977528089888,151.2899053346494,-1.2899053346494043
0.179,6,144,5.58659217877095,148.01818274676722,-4.0181827467672235
0.18,6,138,5.555555555555555,144.7828126320838,-6.78281263208379
0.181,1,132,5.524861878453039,141.58319246341898,-9.583192463418982
0.182,2,131,5.4945054945054945,138.41873295594826,-7.418732955948258
0.183,2,129,5.46448087431694,135.28885770538977,-6.288857705389773
0.184,1,127,5.434782608695652,132.19300283798955,-5.193002837989553
0.185,1,126,5.405405405405405,129.1306166718585,-3.1306166718584905
0.186,3,125,5.376344086021505,126.10115938923424,-1.1011593892342404
0.187,6,122,5.347593582887701,123.10410271925842,-1.104102719258421
0.188,2,116,5.319148936170213,120.13892963087802,-4.138929630878025
0.189,5,114,5.291005291005291,117.20513403549641,-3.205134035496414
0.19,2,109,5.2631578947368425,114.30222049901356,-5.302220499013558
0.191,3,107,5.2356020942408374,111.42970396291263,-4.429703962912626
0.192,5,104,5.208333333333333,108.58710947406281,-4.587109474062814
0.193,2,99,5.181347150259067,105.77397192292129,-6.773971922921291
0.194,2,97,5.154639175257731,102.98983578983274,-5.989835789832739
0.195,4,95,5.128205128205128,100.23425489913488,-5.234254899134882
0.196,0,91,5.1020408163265305,97.50679218079111,-6.506792180791109
0.197,4,91,5.0761421319796955,94.8070194392833,-3.8070194392832946
0.198,2,87,5.05050505050505,92.13451712950783,-5.134517129507827
0.199,1,85,5.025125628140703,89.48887413942862,-4.488874139428617
0.2,2,84,5.0,86.86968757925027,-2.869687579250268
0.201,0,82,4.975124378109452,84.27656257688454,-2.276562576884544
0.202,1,82,4.9504950495049505,81.70911207949281,0.29088792050718837
0.203,5,81,4.926108374384236,79.16695666089302,1.833043339106979
0.204,2,76,4.901960784313726,76.64972433463262,-0.6497243346326229
0.205,0,74,4.878048780487805,74.1570503725307,-0.15705037253070486
0.206,2,74,4.8543689320388355,71.68857712850755,2.3114228714924536
0.207,2,72,4.830917874396135,69.24395386751834,2.756046132481657
0.208,3,70,4.8076923076923075,66.82283659942325,3.1771634005767453
0.209,3,67,4.784688995215311,64.4248879176258,2.575112082374204
0.21,5,64,4.761904761904762,62.049776842321606,1.9502231576783942
0.211,0,59,4.739336492890995,59.69717866820516,-0.6971786682051615
0.212,3,59,4.716981132075472,57.36677481648604,1.6332251835139573
0.213,2,56,4.694835680751174,55.05825269107413,0.9417473089258692
0.214,2,54,4.672897196261682,52.77130553879689,1.228694461203112
0.215,4,52,4.651162790697675,50.50563231351761,1.4943676864823914
0.216,1,48,4.62962962962963,48.260937544027925,-0.26093754402792513
0.217,1,47,4.6082949308755765,46.0369312055935,0.9630687944065031
0.218,0,46,4.587155963302752,43.83332859503452,2.166671404965477
0.219,4,46,4.566210045662101,41.649850209229584,4.350149790770416
0.22,4,42,4.545454545454546,39.486221626931965,2.5137783730680354
0.221,0,38,4.524886877828054,37.342173393795335,0.6578266062046652
0.222,3,38,4.504504504504505,35.217440910506866,2.782559089493134
0.223,1,35,4.484304932735426,33.111764323929414,1.888235676070586
0.224,3,34,4.464285714285714,31.024888421160803,2.975111578839197
0.225,0,31,4.444444444444445,28.956562526416754,2.0434374735832463
0.226,1,31,4.424778761061947,26.90654040065269,4.093459599347309
0.227,1,30,4.405286343612334,24.874580143838116,5.125419856161884
0.228,3,29,4.385964912280701,22.860444099802617,6.139555900197383
0.229,2,26,4.366812227074235,20.863898763575317,5.1361012364246825
0.23,3,24,4.3478260869565215,18.884714691141316,5.1152853088586845
0.231,1,21,4.329004329004329,16.92266641154223,4.077333588457769
0.232,2,20,4.310344827586206,14.977532341249969,5.022467658750031
0.233,3,18,4.291845493562231,13.04909470074569,4.950905299254311
0.234,3,15,4.273504273504273,11.137139433237177,3.862860566762823
0.235,1,12,4.25531914893617,9.241456125452121,2.758543874547879
0.236,0,11,4.237288135593221,7.361837930444937,3.6381620695550634
0.237,4,11,4.219409282700422,5.498081492357581,5.501918507642419
0.238,2,7,4.201680672268908,3.6499868730777307,3.3500131269222693
0.239,2,5,4.184100418410042,1.8173574807374038,3.182642519262596
0.24,3,3,4.166666666666667,0.0,3.0
