VAF,freq,cumfreq,invVAF,prediction,residuals
0.121,6,370,8.264462809917356,334.6628213432098,35.33717865679017
0.122,7,364,8.19672131147541,329.13044242584016,34.86955757415984
0.123,9,357,8.130081300813009,323.68802088924105,33.311979110758955
0.124,11,348,8.064516129032258,318.3333803451675,29.666619654832516
0.125,9,337,8.0,313.0644140497992,23.93558595020079
0.126,0,328,7.936507936507937,307.8790821400717,20.120917859928284
0.127,9,328,7.874015748031496,302.77540900057613,25.224590999423867
0.128,6,319,7.8125,297.7514807538851,21.24851924611488
0.129,1,313,7.751937984496124,292.80544286760795,20.19455713239205
0.13,10,312,7.692307692307692,287.93549787188886,24.064502128111144
0.131,5,302,7.633587786259541,283.13990318144795,18.86009681855205
0.132,5,297,7.575757575757575,278.4169690166198,18.583030983380183
0.133,5,292,7.518796992481203,273.7650564181801,18.23494358181989
0.134,4,287,7.462686567164178,269.1825753510603,17.81742464893972
0.135,6,283,7.4074074074074066,264.66798289234225,18.332017107657748
0.136,7,277,7.352941176470588,260.2197814991937,16.780218500806313
0.137,6,270,7.2992700729927,255.83651735266034,14.163482647339663
0.138,2,264,7.246376811594202,251.51677877346813,12.483221226531867
0.139,9,262,7.194244604316546,247.25919470620673,14.740805293793272
0.14,3,253,7.142857142857142,243.0624332684776,9.937566731522395
0.141,6,250,7.092198581560284,238.92520036178018,11.074799638219815
0.142,8,244,7.042253521126761,234.84623834109252,9.153761658907484
0.143,8,236,6.993006993006993,230.8243247402746,5.175675259725409
0.144,0,228,6.944444444444445,226.85827105057916,1.1417289494208376
0.145,10,228,6.8965517241379315,222.94692154970713,5.0530784502928725
0.146,5,218,6.849315068493151,219.08915217898402,-1.0891521789840226
0.147,5,213,6.802721088435375,215.28386946636596,-2.2838694663659567
0.148,5,208,6.756756756756757,211.5300094931076,-3.530009493107599
0.149,2,203,6.7114093959731544,207.82653690204063,-4.82653690204063
0.15,14,201,6.666666666666667,204.17244394552125,-3.172443945521252
0.151,3,187,6.622516556291391,200.5667495712074,-13.566749571207396
0.152,5,184,6.578947368421053,197.00849854392402,-13.00849854392402
0.153,2,179,6.5359477124183005,193.49676060196455,-14.496760601964553
0.154,9,177,6.4935064935064934,190.03062964626434,-13.030629646264345
0.155,1,168,6.451612903225807,186.6092229609603,-18.609222960960295
0.156,5,167,6.410256410256411,183.23168046392934,-16.231680463929337
0.157,3,162,6.369426751592357,179.89716398596883,-17.89716398596883
0.158,4,159,6.329113924050633,176.60485657734958,-17.60485657734958
0.159,2,155,6.289308176100628,173.35396184053684,-18.35396184053684
0.16,3,153,6.25,170.14370328793436,-17.143703287934358
0.161,2,150,6.211180124223603,166.9733237235629,-16.973323723562913
0.162,2,148,6.172839506172839,163.84208464764046,-15.842084647640462
0.163,0,146,6.134969325153374,160.74926568307907,-14.749265683079074
0.164,7,146,6.097560975609756,157.69416402296355,-11.694164022963548
0.165,5,139,6.0606060606060606,154.67609389812213,-15.676093898122133
0.166,3,134,6.024096385542168,151.6943860639414,-17.69438606394141
0.167,7,131,5.988023952095808,148.7483873056192,-17.74838730561919
0.168,0,124,5.952380952380952,145.83745996108652,-21.837459961086523
0.169,4,124,5.9171597633136095,142.9609814608679,-18.960981460867913
0.17,1,120,5.88235294117647,140.11834388418117,-20.118343884181172
0.171,1,119,5.847953216374268,137.30895353061362,-18.30895353061362
0.172,4,118,5.813953488372094,134.5322305067388,-16.532230506738813
0.173,2,114,5.780346820809249,131.78760832707056,-17.787608327070558
0.174,4,112,5.74712643678161,129.0745335287778,-17.074533528777806
0.175,1,108,5.714285714285714,126.39246529960838,-18.392465299608375
0.176,2,107,5.6818181818181825,123.74087511849775,-16.740875118497755
0.177,3,105,5.649717514124294,121.11924640836007,-16.11924640836007
0.178,5,102,5.617977528089888,118.5270742005835,-16.5270742005835
0.179,4,97,5.58659217877095,115.96386481077087,-18.963864810770872
0.18,2,93,5.555555555555555,113.42913552528954,-20.42913552528954
0.181,4,91,5.524861878453039,110.92241429821134,-19.922414298211336
0.182,6,87,5.4945054945054945,108.44323945824387,-21.443239458243866
0.183,0,81,5.46448087431694,105.99115942527055,-24.991159425270553
0.184,1,81,5.434782608695652,103.56573243613396,-22.565732436133956
0.185,5,80,5.405405405405405,101.1665262793123,-21.166526279312293
0.186,2,75,5.376344086021505,98.79311803815538,-23.793118038155384
0.187,2,73,5.347593582887701,96.4450938423585,-23.445093842358503
0.188,0,71,5.319148936170213,94.12204862736792,-23.122048627367917
0.189,3,71,5.291005291005291,91.82358590142489,-20.82358590142489
0.19,0,68,5.2631578947368425,89.54931751996547,-21.54931751996547
0.191,2,68,5.2356020942408374,87.29886346710764,-19.298863467107637
0.192,2,66,5.208333333333333,85.07185164396714,-19.071851643967136
0.193,3,64,5.181347150259067,82.86791766355348,-18.867917663553484
0.194,0,61,5.154639175257731,80.68670465201005,-19.68670465201005
0.195,0,61,5.128205128205128,78.52786305596965,-17.527863055969647
0.196,0,61,5.1020408163265305,76.39105045580723,-15.391050455807232
0.197,4,61,5.0761421319796955,74.27593138458047,-13.275931384580474
0.198,2,57,5.05050505050505,72.18217715245696,-15.182177152456958
0.199,2,55,5.025125628140703,70.1094656764352,-15.109465676435207
0.2,3,53,5.0,68.05748131517372,-15.057481315173717
0.201,0,50,4.975124378109452,66.02591470875059,-16.02591470875059
0.202,0,50,4.9504950495049505,64.0144626231832,-14.014462623183206
0.203,3,50,4.926108374384236,62.0228277995425,-12.022827799542497
0.204,0,47,4.901960784313726,60.05071880750625,-13.05071880750625
0.205,5,47,4.878048780487805,58.097849903197066,-11.097849903197066
0.206,3,42,4.8543689320388355,56.16394089116282,-14.163940891162817
0.207,3,39,4.830917874396135,54.248716990355874,-15.248716990355874
0.208,2,36,4.8076923076923075,52.35190870397977,-16.351908703979767
0.209,2,34,4.784688995215311,50.473251693071425,-16.473251693071425
0.21,3,32,4.761904761904762,48.612486653695505,-16.612486653695505
0.211,3,29,4.739336492890995,46.76935919763123,-17.769359197631232
0.212,0,26,4.716981132075472,44.943619736435494,-18.943619736435494
0.213,2,26,4.694835680751174,43.13502336877209,-17.13502336877209
0.214,2,24,4.672897196261682,41.34332977089992,-17.34332977089992
0.215,2,22,4.651162790697675,39.56830309021729,-17.56830309021729
0.216,0,20,4.62962962962963,37.80971184176318,-17.809711841763182
0.217,1,20,4.6082949308755765,36.06732880758057,-16.067328807580573
0.218,1,19,4.587155963302752,34.34093093884912,-15.34093093884912
0.219,0,18,4.566210045662101,32.630299260699736,-14.630299260699736
0.22,3,18,4.545454545454546,30.93521877962444,-12.935218779624439
0.221,1,15,4.524886877828054,29.25547839340045,-14.255478393400448
0.222,1,14,4.504504504504505,27.59087080344881,-13.590870803448809
0.223,0,13,4.484304932735426,25.941192429550476,-12.941192429550476
0.224,3,13,4.464285714285714,24.306243326847753,-11.306243326847753
0.225,1,10,4.444444444444445,22.685827105057907,-12.685827105057907
0.226,0,9,4.424778761061947,21.079750849832536,-12.079750849832536
0.227,0,9,4.405286343612334,19.48782504619507,-10.48782504619507
0.228,1,9,4.385964912280701,17.90986350399302,-8.90986350399302
0.229,1,8,4.366812227074235,16.345683285303675,-8.345683285303675
0.23,0,7,4.3478260869565215,14.79510463373338,-7.795104633733381
0.231,0,7,4.329004329004329,13.257950905553301,-6.257950905553301
0.232,0,7,4.310344827586206,11.7340485026161,-4.734048502616099
0.233,0,7,4.291845493562231,10.223226807000298,-3.223226807000298
0.234,1,7,4.273504273504273,8.725318117329937,-1.7253181173299375
0.235,0,6,4.25531914893617,7.240157586720581,-1.2401575867205814
0.236,2,6,4.237288135593221,5.767583162302857,0.23241683769714339
0.237,0,4,4.219409282700422,4.3074355262767945,-0.3074355262767945
0.238,1,4,4.201680672268908,2.8595580384526684,1.1404419615473316
0.239,3,3,4.184100418410042,1.423796680233721,1.576203319766279
0.24,0,0,4.166666666666667,0.0,0.0
